============================================
Starting single stage optimization
============================================
 Using vmec input file /marconi_scratch/userexternal/rjorge00/single_stage_optimization/vmec_inputs/input.nfp1_QI
 Optimization with max_mode=3
  Performing Stage 1 optimization with 50.0 iterations
   Iteration     Total nfev        Cost      Cost reduction    Step norm     Optimality   
       0              1         1.4830e-03                                    3.54e-01    
       1              4         1.4174e-03      6.56e-05       3.72e-04       6.46e-01    
       2              5         1.3202e-03      9.72e-05       3.72e-04       1.20e-01    
       3              8         1.3183e-03      1.91e-06       4.65e-05       2.40e-01    
       4              9         1.3124e-03      5.85e-06       1.16e-05       1.62e-01    
       5             10         1.3085e-03      3.92e-06       2.32e-05       1.53e-01    
       6             11         1.3049e-03      3.60e-06       2.32e-05       1.56e-01    
       7             12         1.3012e-03      3.68e-06       2.32e-05       1.55e-01    
       8             13         1.2980e-03      3.21e-06       2.32e-05       1.62e-01    
       9             14         1.2939e-03      4.12e-06       2.32e-05       1.46e-01    
      10             15         1.2909e-03      3.02e-06       2.32e-05       1.52e-01    
      11             16         1.2874e-03      3.51e-06       2.32e-05       1.40e-01    
      12             17         1.2841e-03      3.29e-06       2.32e-05       1.41e-01    
      13             18         1.2808e-03      3.29e-06       2.32e-05       1.39e-01    
      14             19         1.2776e-03      3.17e-06       2.32e-05       1.38e-01    
      15             20         1.2743e-03      3.37e-06       2.32e-05       1.30e-01    
      16             21         1.2713e-03      2.93e-06       2.32e-05       1.37e-01    
      17             22         1.2680e-03      3.37e-06       2.32e-05       1.30e-01    
      18             23         1.2650e-03      3.01e-06       2.32e-05       1.33e-01    
      19             24         1.2618e-03      3.18e-06       2.32e-05       1.29e-01    
      20             25         1.2587e-03      3.07e-06       2.32e-05       1.29e-01    
      21             26         1.2557e-03      2.96e-06       2.32e-05       1.26e-01    
      22             27         1.2529e-03      2.83e-06       2.32e-05       1.37e-01    
      23             28         1.2499e-03      2.97e-06       2.32e-05       1.36e-01    
      24             29         1.2472e-03      2.72e-06       2.32e-05       1.36e-01    
      25             30         1.2444e-03      2.77e-06       2.32e-05       1.34e-01    
      26             31         1.2415e-03      2.91e-06       2.32e-05       1.31e-01    
      27             32         1.2389e-03      2.65e-06       2.32e-05       1.31e-01    
      28             33         1.2361e-03      2.78e-06       2.32e-05       1.29e-01    
      29             34         1.2336e-03      2.53e-06       2.32e-05       1.31e-01    
      30             35         1.2307e-03      2.85e-06       2.32e-05       1.25e-01    
      31             36         1.2281e-03      2.59e-06       2.32e-05       1.29e-01    
      32             37         1.2256e-03      2.56e-06       2.32e-05       1.28e-01    
      33             38         1.2231e-03      2.47e-06       2.32e-05       1.30e-01    
      34             39         1.2206e-03      2.54e-06       2.32e-05       1.20e-01    
      35             40         1.2180e-03      2.54e-06       2.32e-05       1.23e-01    
      36             41         1.2152e-03      2.79e-06       2.32e-05       1.21e-01    
      37             42         1.2129e-03      2.37e-06       2.32e-05       1.25e-01    
      38             43         1.2101e-03      2.74e-06       2.32e-05       1.21e-01    
      39             44         1.2078e-03      2.38e-06       2.32e-05       1.19e-01    
      40             45         1.2053e-03      2.49e-06       2.32e-05       1.15e-01    
      41             46         1.2029e-03      2.34e-06       2.32e-05       1.19e-01    
      42             47         1.2005e-03      2.46e-06       2.32e-05       1.19e-01    
      43             48         1.1984e-03      2.12e-06       2.32e-05       1.25e-01    
      44             49         1.1962e-03      2.15e-06       2.32e-05       1.20e-01    
      45             50         1.1940e-03      2.18e-06       2.32e-05       1.19e-01    
The maximum number of function evaluations is exceeded.
Function evaluations 50, initial cost 1.4830e-03, final cost 1.1940e-03, first-order optimality 1.19e-01.
  Performing Stage 2 optimization with 1510.0 iterations

  Running simple intermediate coil loop with 10 iterations:
1  Iteration #: 2  3  4  5  6  7  8  9  10  11  12  
  Running more complete intermediate coil loop with 1500.0 iterations:
1  Iteration #: 2  3  4  5  6  7  8  9  10  11  12  13  14  15  16  17  18  19  20  21  22  23  24  25  26  27  28  29  30  31  32  33  34  35  36  37  38  39  40  41  42  43  44  45  46  47  48  49  50  51  52  53  54  55  56  57  58  59  60  61  62  63  64  65  66  67  68  69  70  71  72  73  74  75  76  77  78  79  80  81  82  83  84  85  86  87  88  89  90  91  92  93  94  95  96  97  98  99  100  101  102  103  104  105  106  107  108  109  110  111  112  113  114  115  116  117  118  119  120  121  122  123  124  125  126  127  128  129  130  131  132  133  134  135  136  137  138  139  140  141  142  143  144  145  146  147  148  149  150  151  152  153  154  155  156  157  158  159  160  161  162  163  164  165  166  167  168  169  170  171  172  173  174  175  176  177  178  179  180  181  182  183  184  185  186  187  188  189  190  191  192  193  194  195  196  197  198  199  200  201  202  203  204  205  206  207  208  209  210  211  212  213  214  215  216  217  218  219  220  221  222  223  224  225  226  227  228  229  230  231  232  233  234  235  236  237  238  239  240  241  242  243  244  245  246  247  248  249  250  251  252  253  254  255  256  257  258  259  260  261  262  263  264  265  266  267  268  269  270  271  272  273  274  275  276  277  278  279  280  281  282  283  284  285  286  287  288  289  290  291  292  293  294  295  296  297  298  299  300  301  302  303  304  305  306  307  308  309  310  311  312  313  314  315  316  317  318  319  320  321  322  323  324  325  326  327  328  329  330  331  332  333  334  335  336  337  338  339  340  341  342  343  344  345  346  347  348  349  350  351  352  353  354  355  356  357  358  359  360  361  362  363  364  365  366  367  368  369  370  371  372  373  374  375  376  377  378  379  380  381  382  383  384  385  386  387  388  389  390  391  392  393  394  395  396  397  398  399  400  401  402  403  404  405  406  407  408  409  410  411  412  413  414  415  416  417  418  419  420  421  422  423  424  425  426  427  428  429  430  431  432  433  434  435  436  437  438  439  440  441  442  443  444  445  446  447  448  449  450  451  452  453  454  455  456  457  458  459  460  461  462  463  464  465  466  467  468  469  470  471  472  473  474  475  476  477  478  479  480  481  482  483  484  485  486  487  488  489  490  491  492  493  494  495  496  497  498  499  500  501  502  503  504  505  506  507  508  509  510  511  512  513  514  515  516  517  518  519  520  521  522  523  524  525  526  527  528  529  530  531  532  533  534  535  536  537  538  539  540  541  542  543  544  545  546  547  548  549  550  551  552  553  554  555  556  557  558  559  560  561  562  563    Performing Single Stage optimization with 500.0 iterations
  Performing Stage 2 optimization with 1510.0 iterations

  Running simple intermediate coil loop with 10 iterations:
1  Iteration #: 2  3  4  5  6  7  8  9  10  11  12  13  
  Running more complete intermediate coil loop with 1500.0 iterations:
1  Iteration #: 2  3  4  5  6  7  8  9  10  11  12  13  14  15  16  17  18  19  20  21  22  23  24  25  26  27  28  29  30  31  32  33  34  35  36  37  38  39  40  41  42  43  44  45  46  47  48  49  50  51  52  53  54  55  56  57  58  59  60  61  62  63  64  65  66  67  68  69  70  71  72  73  74  75  76  77  78  79  80  81  82  83  84  85  86  87  88  89  90  91  92  93  94  95  96  97  98  99  100  101  102  103  104  105  106  107  108  109  110  111  112  113  114  115  116  117  118  119  120  121  122  123  124  125  126  127  128  129  130  131  132  133  134  135  136  137  138  139  140  141  142  143  144  145  146  147  148  149  150  151  152  153  154  155  156  157  158  159  160  161  162  163  164  165  166  167  168  169  170  171  172  173  174  175  176  177  178  179  180  181  182  183  184  185  186  187  188  189  190  191  192  193  194  195  196  197  198  199  200  201  202  203  204  205  206  207  208  209  210  211  212  213  214  215  216  217  218  219  220  221  222  223  224  225  226  227  228  229  230  231  232  233  234  235  236  237  238  239  240  241  242  243  244  245  246  247  248  249  250  251  252  253  254  255  256  257  258  259  260  261  262  263  264  265  266  267  268  269  270  271  272  273  274  275  276  277  278  279  280  281  282  283  284  285  286  287  288  289  290  291  292  293  294  295  296  297  298  299  300  301  302  303  304  305  306  307  308  309  310  311  312  313  314  315  316  317  318  319  320  321  322  323  324  325  326  327  328  329  330  331  332  333  334  335  336  337  338  339  340  341  342  343  344  345  346  347  348  349  350  351  352  353  354  355  356  357  358  359  360  361  362  363  364  365  366  367  368  369  370  371  372  373  374  375  376  377  378  379  380  381  382  383  384  385  386  387  388  389  390  391  392  393  394  395  396  397  398  399  400  401  402  403  404  405  406  407  408  409  410  411  412  413  414  415  416  417  418  419  420  421  422  423  424  425  426  427  428  429  430  431  432  433  434  435  436  437  438  439  440  441  442  443  444  445  446  447  448  449  450  451  452  453  454  455  456  457  458  459  460  461  462  463  464  465  466  467  468  469  470  471  472  473  474  475  476  477  478  479  480  481  482  483  484  485  486  487  488  489  490  491  492  493  494  495  496  497  498  499  500  501  502  503  504  505  506  507  508  509  510  511  512  513  514  515  516  517  518  519  520  521  522  523  524  525  526  527  528  529  530  531  532  533  534  535  536  537  538  539  540  541  542  543  544  545  546  547  548  549  550  551  552  553  554  555  556  557  558  559  560  561  562  563  564  565  566  567  568  569  570  571  572  573  574  575  576  577  578  579  580  581  582  583  584  585  586  587  588  589  590  591  592  593  594  595  596  597  598  599  600  601  602  603  604  605  606  607  608  609  610  611  612  613  614  615  616  617  618  619  620  621  622  623  624  625  626  627  628  629  630  631  632  633  634  635  636  637  638  639  640  641  642  643  644  645  646  647  648  649  650  651  652  653  654  655  656  657  658  659  660  661  662  663  664  665  666  667  668  669  670  671  672  673  674  675  676  677  678  679  680  681  682  683  684  685  686  687  688  689  690  691  692  693  694  695  696  697  698  699  700  701  702  703  704  705  706  707  708  709  710  711  712  713  714  715  716  717  718  719  720  721  722  723  724  725  726  727  728  729  730  731  732  733  734  735  736  737  738  739  740  741  742  743  744  745  746  747  748  749  750  751  752  753  754  755  756  757  758  759  760  761  762  763  764  765  766  767  768  769  770  771  772  773  774  775  776  777  778  779  780  781  782  783  784  785  786  787  788  789  790  791  792  793  794  795  796  797  798  799  800  801  802  803  804  805  806  807  808  809  810  811  812  813  814  815  816  817  818  819  820  821  822  823  824  825  826  827  828  829  830  831  832  833  834  835  836  837  838  839  840  841  842  843  844  845  846  847  848  849  850  851  852  853  854  855  856  857  858  859  860  861  862  863  864  865  866  867  868  869  870  871  872  873  874  875  876  877  878  879  880  881  882  883  884  885  886  887  888  889  890  891  892  893  894  895  896  897  898  Aspect ratio at max_mode 3: 7.003206353153945
Mean iota at 3: 0.47696564447413026
Squared flux at max_mode 3: 3.6608902214730937e-07
"None of [Index(['J', 'Jf', 'J_length', 'J_CC', 'J_CURVATURE', 'J_MSC', 'J_ALS',\n       'J_LENGTH_PENALTY', 'Jquasisymmetry', 'Jiota', 'Jaspect'],\n      dtype='object')] are in the [columns]"
Aspect ratio after optimization: 7.003206353153945
Mean iota after optimization: 0.47696564447413026
Squared flux after optimization: 3.6608902214730937e-07
 - - - - - - - - - - - - - - - - - - - - - - - - - - - - - - - - -
  SEQ =    1 TIME SLICE  0.0000E+00
  PROCESSING INPUT.final
  THIS IS PARVMEC (PARALLEL VMEC), VERSION 9.0
  Lambda: Full Radial Mesh. L-Force: hybrid full/half.

  COMPUTER:    OS:    RELEASE:   DATE = Jan 30,2023  TIME = 01:30:38

  NS =   16 NO. FOURIER MODES =   50 FTOLV =  1.000E-14 NITER =   2000
  PROCESSOR COUNT - RADIAL:    8
 INITIAL JACOBIAN CHANGED SIGN!
 TRYING TO IMPROVE INITIAL MAGNETIC AXIS GUESS
 INITIAL JACOBIAN CHANGED SIGN!
 TRYING TO IMPROVE INITIAL MAGNETIC AXIS GUESS
 INITIAL JACOBIAN CHANGED SIGN!
 TRYING TO IMPROVE INITIAL MAGNETIC AXIS GUESS
 INITIAL JACOBIAN CHANGED SIGN!
 TRYING TO IMPROVE INITIAL MAGNETIC AXIS GUESS
 INITIAL JACOBIAN CHANGED SIGN!
 TRYING TO IMPROVE INITIAL MAGNETIC AXIS GUESS
 INITIAL JACOBIAN CHANGED SIGN!
 TRYING TO IMPROVE INITIAL MAGNETIC AXIS GUESS
 INITIAL JACOBIAN CHANGED SIGN!
 TRYING TO IMPROVE INITIAL MAGNETIC AXIS GUESS
 INITIAL JACOBIAN CHANGED SIGN!
 TRYING TO IMPROVE INITIAL MAGNETIC AXIS GUESS
 INITIAL JACOBIAN CHANGED SIGN!
 TRYING TO IMPROVE INITIAL MAGNETIC AXIS GUESS
 INITIAL JACOBIAN CHANGED SIGN!
 TRYING TO IMPROVE INITIAL MAGNETIC AXIS GUESS
 INITIAL JACOBIAN CHANGED SIGN!
 TRYING TO IMPROVE INITIAL MAGNETIC AXIS GUESS
 INITIAL JACOBIAN CHANGED SIGN!
 TRYING TO IMPROVE INITIAL MAGNETIC AXIS GUESS
 INITIAL JACOBIAN CHANGED SIGN!
 TRYING TO IMPROVE INITIAL MAGNETIC AXIS GUESS
 INITIAL JACOBIAN CHANGED SIGN!
 TRYING TO IMPROVE INITIAL MAGNETIC AXIS GUESS
 INITIAL JACOBIAN CHANGED SIGN!
 TRYING TO IMPROVE INITIAL MAGNETIC AXIS GUESS
 INITIAL JACOBIAN CHANGED SIGN!
 TRYING TO IMPROVE INITIAL MAGNETIC AXIS GUESS
 INITIAL JACOBIAN CHANGED SIGN!
 TRYING TO IMPROVE INITIAL MAGNETIC AXIS GUESS
 INITIAL JACOBIAN CHANGED SIGN!
 TRYING TO IMPROVE INITIAL MAGNETIC AXIS GUESS
  ---- Improved AXIS Guess ----
      RAXIS_CC =   0.99879334108380402       0.17534539178903699      -0.22786178757404862       -1.3309349672143245E-002  -6.9035596696617610E-004  -3.6021227919450205E-003
      ZAXIS_CS =   -0.0000000000000000      -0.26763144750361317       0.17595118692814718        2.1073996905992113E-003  -7.0980246172913618E-003   1.0801493235656928E-003
  -----------------------------

  ITER    FSQR      FSQZ      FSQL    RAX(v=0)    DELT       WMHD

    1  1.85E-02  1.43E-02  2.29E-02  9.287E-01  9.00E-01  1.2711E-01
  200  1.72E-08  9.49E-09  3.35E-09  9.507E-01  9.00E-01  1.2486E-01
  400  1.09E-09  4.06E-10  3.56E-10  9.376E-01  9.00E-01  1.2486E-01
  600  1.43E-10  3.85E-11  3.60E-11  9.358E-01  9.00E-01  1.2486E-01
  800  3.81E-11  3.54E-12  4.99E-12  9.353E-01  9.00E-01  1.2486E-01
 1000  1.80E-11  1.09E-12  1.90E-12  9.351E-01  9.00E-01  1.2486E-01
 1200  1.07E-11  7.91E-13  1.41E-12  9.351E-01  9.00E-01  1.2486E-01
 1400  6.88E-12  5.28E-13  1.01E-12  9.351E-01  9.00E-01  1.2486E-01
 1600  4.57E-12  3.51E-13  6.88E-13  9.351E-01  9.00E-01  1.2486E-01
 1800  3.05E-12  2.34E-13  4.63E-13  9.351E-01  9.00E-01  1.2486E-01
 2000  2.03E-12  1.56E-13  3.10E-13  9.352E-01  9.00E-01  1.2486E-01

  NS =   51 NO. FOURIER MODES =   50 FTOLV =  1.000E-14 NITER =   3000
  PROCESSOR COUNT - RADIAL:   25

  ITER    FSQR      FSQZ      FSQL    RAX(v=0)    DELT       WMHD

    1  5.87E-03  3.52E-03  5.42E-06  9.352E-01  9.00E-01  1.2486E-01
  200  7.38E-09  1.10E-09  6.20E-11  9.348E-01  8.10E-01  1.2486E-01
  400  1.44E-10  3.27E-11  8.97E-12  9.344E-01  8.10E-01  1.2486E-01
  600  2.43E-11  4.78E-12  4.07E-12  9.343E-01  8.10E-01  1.2486E-01
  800  1.11E-11  1.82E-12  1.97E-12  9.343E-01  8.10E-01  1.2486E-01
 1000  6.16E-12  8.09E-13  1.08E-12  9.342E-01  8.10E-01  1.2486E-01
 1200  3.91E-12  4.13E-13  6.74E-13  9.342E-01  8.10E-01  1.2486E-01
 1400  2.74E-12  2.45E-13  4.76E-13  9.342E-01  8.10E-01  1.2486E-01
 1600  2.03E-12  1.65E-13  3.63E-13  9.342E-01  8.10E-01  1.2486E-01
 1800  1.53E-12  1.20E-13  2.87E-13  9.342E-01  8.10E-01  1.2486E-01
 2000  1.16E-12  9.01E-14  2.30E-13  9.342E-01  8.10E-01  1.2486E-01
 2200  8.89E-13  6.91E-14  1.85E-13  9.342E-01  8.10E-01  1.2486E-01
 2400  6.83E-13  5.35E-14  1.50E-13  9.342E-01  8.10E-01  1.2486E-01
 2600  5.28E-13  4.17E-14  1.21E-13  9.342E-01  8.10E-01  1.2486E-01
 2800  4.11E-13  3.26E-14  9.83E-14  9.342E-01  8.10E-01  1.2486E-01
 3000  3.21E-13  2.56E-14  7.97E-14  9.343E-01  8.10E-01  1.2486E-01

  NS =  101 NO. FOURIER MODES =   50 FTOLV =  1.000E-14 NITER =  20000
  PROCESSOR COUNT - RADIAL:   25

  ITER    FSQR      FSQZ      FSQL    RAX(v=0)    DELT       WMHD

    1  6.35E-03  4.07E-03  2.13E-07  9.343E-01  9.00E-01  1.2486E-01
  200  1.79E-08  8.46E-09  1.08E-10  9.342E-01  6.99E-01  1.2486E-01
  400  1.83E-10  5.84E-11  4.91E-12  9.341E-01  6.99E-01  1.2486E-01
  600  3.69E-11  7.51E-12  2.31E-12  9.340E-01  6.99E-01  1.2486E-01
  800  7.50E-12  1.85E-12  1.43E-12  9.340E-01  6.99E-01  1.2486E-01
 1000  3.37E-12  8.61E-13  8.81E-13  9.340E-01  6.99E-01  1.2486E-01
 1200  2.01E-12  4.65E-13  5.45E-13  9.339E-01  6.99E-01  1.2486E-01
 1400  1.32E-12  2.61E-13  3.46E-13  9.339E-01  6.99E-01  1.2486E-01
 1600  9.20E-13  1.51E-13  2.28E-13  9.339E-01  6.99E-01  1.2486E-01
 1800  6.73E-13  8.96E-14  1.57E-13  9.339E-01  6.99E-01  1.2486E-01
 2000  5.11E-13  5.58E-14  1.14E-13  9.339E-01  6.99E-01  1.2486E-01
 2200  4.01E-13  3.73E-14  8.62E-14  9.339E-01  6.99E-01  1.2486E-01
 2400  3.22E-13  2.70E-14  6.82E-14  9.339E-01  6.99E-01  1.2486E-01
 2600  2.63E-13  2.10E-14  5.54E-14  9.339E-01  6.99E-01  1.2486E-01
 2800  2.18E-13  1.72E-14  4.57E-14  9.339E-01  6.99E-01  1.2486E-01
 3000  1.82E-13  1.44E-14  3.81E-14  9.339E-01  6.99E-01  1.2486E-01
 3200  1.53E-13  1.23E-14  3.20E-14  9.339E-01  6.99E-01  1.2486E-01
 3400  1.29E-13  1.05E-14  2.70E-14  9.339E-01  6.99E-01  1.2486E-01
 3600  1.10E-13  9.01E-15  2.28E-14  9.339E-01  6.99E-01  1.2486E-01
 3800  9.34E-14  7.73E-15  1.94E-14  9.339E-01  6.99E-01  1.2486E-01
 4000  7.98E-14  6.64E-15  1.65E-14  9.339E-01  6.99E-01  1.2486E-01
 4200  6.83E-14  5.71E-15  1.41E-14  9.339E-01  6.99E-01  1.2486E-01
 4400  5.85E-14  4.91E-15  1.20E-14  9.339E-01  6.99E-01  1.2486E-01
 4600  5.02E-14  4.23E-15  1.03E-14  9.339E-01  6.99E-01  1.2486E-01
 4800  4.32E-14  3.64E-15  8.78E-15  9.339E-01  6.99E-01  1.2486E-01
 5000  3.72E-14  3.13E-15  7.53E-15  9.339E-01  6.99E-01  1.2486E-01
 5200  3.20E-14  2.70E-15  6.46E-15  9.339E-01  6.99E-01  1.2486E-01
 5400  2.76E-14  2.33E-15  5.54E-15  9.339E-01  6.99E-01  1.2486E-01
 5600  2.38E-14  2.01E-15  4.76E-15  9.339E-01  6.99E-01  1.2486E-01
 5800  2.06E-14  1.73E-15  4.09E-15  9.339E-01  6.99E-01  1.2486E-01
 6000  1.78E-14  1.50E-15  3.52E-15  9.339E-01  6.99E-01  1.2486E-01
 6200  1.54E-14  1.29E-15  3.03E-15  9.339E-01  6.99E-01  1.2486E-01
 6400  1.33E-14  1.12E-15  2.61E-15  9.339E-01  6.99E-01  1.2486E-01
 6600  1.15E-14  9.67E-16  2.25E-15  9.339E-01  6.99E-01  1.2486E-01
 6786  9.99E-15  8.28E-16  1.97E-15  9.339E-01  6.99E-01  1.2486E-01

 EXECUTION TERMINATED NORMALLY

 FILE : final_000_000000
 NUMBER OF JACOBIAN RESETS =    1

    TOTAL COMPUTATIONAL TIME (SEC)        11.11
    TIME TO INPUT/OUTPUT                   0.03
       READ IN DATA                        0.00
       WRITE OUT DATA TO WOUT              0.03
    TIME IN FUNCT3D                       10.98
       BCOVAR FIELDS                       1.97
       FOURIER TRANSFORM                   0.88
       INVERSE FOURIER TRANSFORM           0.55
       FORCES AND SYMMETRIZE               0.70
       RESIDUE                             6.02
       EQFORCE                             0.00
Found final vmec file
Plot VMEC result
nfp:  1
ns:  101
mpol:  5
ntor:  5
Aminor_p:  0.13781324278729273
Rmajor_p:  0.9651345774367172
aspect:             7.003206353153956
Rmajor_p/Aminor_p:  7.003206353153956
betatotal:  0.0
betapol:    0.0
betator:    0.0
betaxis:    0.0
ctor:    -4.777265822514253e-12
bmnc.shape: (101, 128)
bmns.shape: (101, 128)
No module named 'mayavi'
Creating Boozer class for vmec_final
Defining surfaces where to compute Boozer coordinates
 booz_surfaces=[0.         0.07142857 0.14285714 0.21428571 0.28571429 0.35714286
 0.42857143 0.5        0.57142857 0.64285714 0.71428571 0.78571429
 0.85714286 0.92857143]
Running BOOZ_XFORM
mnmax: 50  len(xm): 50  len(xn): 50
mnmax_nyq: 128  len(xm_nyq): 128  len(xn_nyq): 128
Read ns=101, mpol=5, ntor=5, mnmax=50, mnmax_nyq=128
compute_surfs (0-based indices):  0 7 14 21 28 35 42 49 57 64 71 78 85 92
Initializing with mboz=64, nboz=64
ntheta = 258, nzeta = 258, # threads = 24
                   |        outboard (theta=0)      |      inboard (theta=pi)      |
thread js_b js zeta| |B|input  |B|Boozer    Error   | |B|input  |B|Boozer    Error |
------------------------------------------------------------------------------------
   1     1   7   0  1.059e+00  1.059e+00  9.438e-15  1.076e+00  1.076e+00  3.984e-14
                pi  7.480e-01  7.480e-01  2.672e-15  7.239e-01  7.239e-01  6.441e-15
   2     2  14   0  1.054e+00  1.054e+00  6.740e-15  1.078e+00  1.078e+00  2.718e-14
                pi  7.487e-01  7.487e-01  2.120e-14  7.148e-01  7.148e-01  1.398e-15
   3     3  21   0  1.051e+00  1.051e+00  9.512e-15  1.080e+00  1.080e+00  4.377e-14
                pi  7.486e-01  7.486e-01  1.483e-16  7.065e-01  7.065e-01  2.562e-14
  12    12  85   0  1.022e+00  1.022e+00  1.391e-14  1.089e+00  1.089e+00  2.529e-14
                pi  7.413e-01  7.413e-01  2.696e-15  6.348e-01  6.348e-01  2.434e-13
   0     0   0   0  1.067e+00  1.067e+00  1.666e-15  1.070e+00  1.070e+00  2.697e-14
                pi  7.432e-01  7.432e-01  4.631e-15  7.365e-01  7.365e-01  2.728e-14
   8     8  57   0  1.034e+00  1.034e+00  4.294e-15  1.087e+00  1.087e+00  1.859e-14
                pi  7.447e-01  7.447e-01  5.367e-15  6.668e-01  6.668e-01  1.865e-14
  10    10  71   0  1.028e+00  1.028e+00  4.752e-15  1.088e+00  1.088e+00  1.612e-14
                pi  7.429e-01  7.429e-01  1.614e-14  6.510e-01  6.510e-01  9.345e-14
   4     4  28   0  1.047e+00  1.047e+00  1.845e-14  1.082e+00  1.082e+00  2.442e-14
                pi  7.481e-01  7.481e-01  2.374e-15  6.986e-01  6.986e-01  6.039e-15
  11    11  78   0  1.025e+00  1.025e+00  4.333e-16  1.088e+00  1.088e+00  3.264e-14
                pi  7.421e-01  7.421e-01  1.885e-14  6.430e-01  6.430e-01  1.658e-13
  13    13  92   0  1.018e+00  1.018e+00  5.016e-15  1.089e+00  1.089e+00  3.405e-14
                pi  7.406e-01  7.406e-01  1.484e-14  6.266e-01  6.266e-01  4.166e-13
   9     9  64   0  1.031e+00  1.031e+00  1.120e-14  1.087e+00  1.087e+00  1.797e-14
                pi  7.438e-01  7.438e-01  7.612e-15  6.590e-01  6.590e-01  5.374e-14
   6     6  42   0  1.041e+00  1.041e+00  2.667e-14  1.085e+00  1.085e+00  3.377e-14
                pi  7.466e-01  7.466e-01  2.528e-14  6.833e-01  6.833e-01  1.852e-14
   5     5  35   0  1.044e+00  1.044e+00  1.340e-14  1.084e+00  1.084e+00  1.844e-15
                pi  7.474e-01  7.474e-01  4.456e-16  6.909e-01  6.909e-01  4.339e-15
   7     7  49   0  1.038e+00  1.038e+00  1.156e-14  1.086e+00  1.086e+00  3.640e-14
                pi  7.458e-01  7.458e-01  3.275e-15  6.756e-01  6.756e-01  6.244e-15
Writing output to /marconi_scratch/userexternal/rjorge00/single_stage_optimization/results/QI_Stage123_Lengthbound4.5_ncoils10_nfp1/vmec/boozmn_QI_Stage123_Lengthbound4.5_ncoils10_nfp1.nc
Plot BOOZ_XFORM
============================================
End of single stage optimization
Took 8187.9910135269165 seconds
============================================
