============================================
Starting single stage optimization
============================================
 Using vmec input file /marconi_scratch/userexternal/rjorge00/single_stage_optimization/vmec_inputs/input.nfp1_QI
 Optimization with max_mode=3
  Performing Stage 1 optimization with 50.0 iterations
   Iteration     Total nfev        Cost      Cost reduction    Step norm     Optimality   
       0              1         1.4830e-03                                    3.54e-01    
       1              4         1.4174e-03      6.56e-05       3.72e-04       6.46e-01    
       2              5         1.3202e-03      9.72e-05       3.72e-04       1.20e-01    
       3              8         1.3183e-03      1.91e-06       4.65e-05       2.40e-01    
       4              9         1.3124e-03      5.85e-06       1.16e-05       1.62e-01    
       5             10         1.3085e-03      3.92e-06       2.32e-05       1.53e-01    
       6             11         1.3049e-03      3.60e-06       2.32e-05       1.56e-01    
       7             12         1.3012e-03      3.68e-06       2.32e-05       1.55e-01    
       8             13         1.2980e-03      3.21e-06       2.32e-05       1.62e-01    
       9             14         1.2939e-03      4.12e-06       2.32e-05       1.46e-01    
      10             15         1.2909e-03      3.02e-06       2.32e-05       1.52e-01    
      11             16         1.2874e-03      3.51e-06       2.32e-05       1.40e-01    
      12             17         1.2841e-03      3.29e-06       2.32e-05       1.41e-01    
      13             18         1.2808e-03      3.29e-06       2.32e-05       1.39e-01    
      14             19         1.2776e-03      3.17e-06       2.32e-05       1.38e-01    
      15             20         1.2743e-03      3.37e-06       2.32e-05       1.30e-01    
      16             21         1.2713e-03      2.93e-06       2.32e-05       1.37e-01    
      17             22         1.2680e-03      3.37e-06       2.32e-05       1.30e-01    
      18             23         1.2650e-03      3.01e-06       2.32e-05       1.33e-01    
      19             24         1.2618e-03      3.18e-06       2.32e-05       1.29e-01    
      20             25         1.2587e-03      3.07e-06       2.32e-05       1.29e-01    
      21             26         1.2557e-03      2.96e-06       2.32e-05       1.26e-01    
      22             27         1.2529e-03      2.83e-06       2.32e-05       1.37e-01    
      23             28         1.2499e-03      2.97e-06       2.32e-05       1.36e-01    
      24             29         1.2472e-03      2.72e-06       2.32e-05       1.36e-01    
      25             30         1.2444e-03      2.77e-06       2.32e-05       1.34e-01    
      26             31         1.2415e-03      2.91e-06       2.32e-05       1.31e-01    
      27             32         1.2389e-03      2.65e-06       2.32e-05       1.31e-01    
      28             33         1.2361e-03      2.78e-06       2.32e-05       1.29e-01    
      29             34         1.2336e-03      2.53e-06       2.32e-05       1.31e-01    
      30             35         1.2307e-03      2.85e-06       2.32e-05       1.25e-01    
      31             36         1.2281e-03      2.59e-06       2.32e-05       1.29e-01    
      32             37         1.2256e-03      2.56e-06       2.32e-05       1.28e-01    
      33             38         1.2231e-03      2.47e-06       2.32e-05       1.30e-01    
      34             39         1.2206e-03      2.54e-06       2.32e-05       1.20e-01    
      35             40         1.2180e-03      2.54e-06       2.32e-05       1.23e-01    
      36             41         1.2152e-03      2.79e-06       2.32e-05       1.21e-01    
      37             42         1.2129e-03      2.37e-06       2.32e-05       1.25e-01    
      38             43         1.2101e-03      2.74e-06       2.32e-05       1.21e-01    
      39             44         1.2078e-03      2.38e-06       2.32e-05       1.19e-01    
      40             45         1.2053e-03      2.49e-06       2.32e-05       1.15e-01    
      41             46         1.2029e-03      2.34e-06       2.32e-05       1.19e-01    
      42             47         1.2005e-03      2.46e-06       2.32e-05       1.19e-01    
      43             48         1.1984e-03      2.12e-06       2.32e-05       1.25e-01    
      44             49         1.1962e-03      2.15e-06       2.32e-05       1.20e-01    
      45             50         1.1940e-03      2.18e-06       2.32e-05       1.19e-01    
The maximum number of function evaluations is exceeded.
Function evaluations 50, initial cost 1.4830e-03, final cost 1.1940e-03, first-order optimality 1.19e-01.
  Performing Stage 2 optimization with 1510.0 iterations

  Running simple intermediate coil loop with 10 iterations:
1  Iteration #: 2  3  4  5  6  7  8  9  10  11  12  
  Running more complete intermediate coil loop with 1500.0 iterations:
1  Iteration #: 2  3  4  5  6  7  8  9  10  11  12  13  14  15  16  17  18  19  20  21  22  23  24  25  26  27  28  29  30  31  32  33  34  35  36  37  38  39  40  41  42  43  44  45  46  47  48  49  50  51  52  53  54  55  56  57  58  59  60  61  62  63  64  65  66  67  68  69  70  71  72  73  74  75  76  77  78  79  80  81  82  83  84  85  86  87  88  89  90  91  92  93  94  95  96  97  98  99  100  101  102  103  104  105  106  107  108  109  110  111  112  113  114  115  116  117  118  119  120  121  122  123  124  125  126  127  128  129  130  131  132  133  134  135  136  137  138  139  140  141  142  143  144  145  146  147  148  149  150  151  152  153  154  155  156  157  158  159  160  161  162  163  164  165  166  167  168  169  170  171  172  173  174  175  176  177  178  179  180  181  182  183  184  185  186  187  188  189  190  191  192  193  194  195  196  197  198  199  200  201  202  203  204  205  206  207  208  209  210  211  212  213  214  215  216  217  218  219  220  221  222  223  224  225  226  227  228  229  230  231  232  233  234  235  236  237  238  239  240  241  242  243  244  245  246  247  248  249  250  251  252  253  254  255  256  257  258  259  260  261  262  263  264  265  266  267  268  269  270  271  272  273  274  275  276  277  278  279  280  281  282  283  284  285  286  287  288  289  290  291  292  293  294  295  296  297  298  299  300  301  302  303  304  305  306  307  308  309  310  311  312  313  314  315  316  317  318  319  320  321  322  323  324  325  326  327  328  329  330  331  332  333  334  335  336  337  338  339  340  341  342  343  344  345  346  347  348  349  350  351  352  353  354  355  356  357  358  359  360  361  362  363  364  365  366  367  368  369  370  371  372  373  374  375  376  377  378  379  380  381  382  383  384  385  386  387  388  389  390  391  392  393  394  395  396  397  398  399  400  401  402  403  404  405  406  407  408  409  410  411  412  413  414  415  416  417  418  419  420  421  422  423  424  425  426  427  428  429  430  431  432  433  434  435  436  437  438  439  440  441  442  443  444  445  446  447  448  449  450  451  452  453  454  455  456  457  458  459  460  461  462  463  464  465  466  467  468  469  470  471  472  473  474  475  476  477  478  479  480  481  482  483  484  485  486  487  488  489  490  491  492  493  494  495  496  497  498  499  500  501  502  503  504  505  506  507  508  509  510  511  512  513  514  515  516  517  518  519  520  521  522  523  524  525  526  527  528  529  530  531  532  533  534  535  536  537  538  539  540  541  542  543  544  545  546  547  548  549  550  551  552  553  554  555  556  557  558  559  560  561  562  563  564  565  566  567  568  569  570  571  572  573  574  575  576  577  578  579  580  581  582  583  584  585  586  587  588  589  590  591  592  593  594  595  596  597  598  599  600  601  602  603  604  605  606  607  608  609  610  611  612  613  614  615  616  617  618  619  620  621  622  623  624  625  626  627  628  629  630  631  632  633  634  635  636  637  638  639  640  641  642  643  644  645  646  647  648  649  650  651  652  653  654  655  656  657  658  659  660  661  662  663  664  665  666  667  668  669  670  671  672  673  674  675  676  677  678  679  680  681  682  683  684  685  686  687  688  689  690  691  692  693  694  695  696  697  698  699  700  701  702  703  704  705  706  707  708  709  710  711  712  713  714  715  716  717  718  719  720  721  722  723  724  725  726  727  728  729  730  731  732  733  734  735  736  737  738  739  740  741  742  743  744  745  746  747  748  749  750  751  752  753  754  755  756  757  758  759  760  761  762  763  764  765  766  767  768  769  770  771  772  773  774  775  776  777  778  779  780  781  782  783  784  785  786  787  788  789  790  791  792  793  794  795  796  797  798  799  800  801  802  803  804  805  806  807  808  809  810  811  812  813  814  815  816  817  818  819  820  821  822  823  824  825  826  827  828  829  830  831  832  833  834  835  836  837  838  839  840  841  842  843  844  845  846  847  848  849  850  851  852  853  854  855  856  857  858  859  860  861  862  863  864  865  866  867  868  869  870  871  872  873  874  875  876  877  878  879  880  881  882  883  884  885  886  887  888  889  890  891  892  893  894  895  896  897  898  899  900  901  902  903  904  905  906  907  908  909  910  911  912  913  914  915  916  917  918  919  920  921  922  923  924  925  926  927  928  929  930  931  932  933  934  935  936  937  938  939  940  941  942  943  944  945  946  947  948  949  950  951  952  953  954  955  956  957  958  959  960  961  962  963  964  965  966  967  968  969  970  971  972  973  974  975  976  977  978  979  980  981  982  983  984  985  986  987  988  989  990  991  992  993  994  995  996  997  998  999  1000  1001  1002  1003  1004  1005  1006  1007  1008  1009  1010  1011  1012  1013  1014  1015  1016  1017  1018  1019  1020  1021  1022  1023  1024  1025  1026  1027  1028  1029  1030  1031  1032  1033  1034  1035  1036  1037  1038  1039  1040  1041  1042  1043  1044  1045  1046  1047  1048  1049  1050  1051  1052  1053  1054  1055  1056  1057  1058  1059  1060  1061  1062  1063  1064  1065  1066  1067  1068  1069  1070  1071  1072  1073  1074  1075  1076  1077  1078  1079  1080  1081  1082  1083  1084  1085  1086  1087  1088  1089  1090  1091  1092  1093  1094  1095  1096  1097  1098  1099  1100  1101  1102  1103  1104  1105  1106  1107  1108  1109  1110  1111  1112  1113  1114  1115  1116  1117  1118  1119  1120  1121  1122  1123  1124  1125  1126  1127  1128  1129  1130  1131  1132  1133  1134  1135  1136  1137  1138  1139  1140  1141  1142  1143  1144  1145  1146  1147  1148  1149  1150  1151  1152  1153  1154  1155  1156  1157  1158  1159  1160  1161  1162  1163  1164  1165  1166  1167  1168  1169  1170  1171  1172  1173  1174  1175  1176  1177  1178  1179  1180  1181  1182  1183  1184  1185  1186  1187  1188  1189  1190  1191  1192  1193  1194  1195  1196  1197  1198  1199  1200  1201  1202  1203  1204  1205  1206  1207  1208  1209  1210  1211  1212  1213  1214  1215  1216  1217  1218  1219  1220  1221  1222  1223  1224  1225  1226  1227  1228  1229  1230  1231  1232  1233  1234  1235  1236  1237  1238  1239  1240  1241  1242  1243  1244  1245  1246  1247  1248  1249  1250  1251  1252  1253  1254  1255  1256  1257  1258  1259  1260  1261  1262  1263  1264  1265  1266  1267  1268  1269  1270  1271  1272  1273  1274  1275  1276  1277  1278  1279  1280  1281  1282  1283  1284  1285  1286  1287  1288  1289  1290  1291  1292  1293  1294  1295  1296  1297  1298  1299  1300  1301  1302  1303  1304  1305  1306  1307  1308  1309  1310  1311  1312  1313  1314  1315  1316  1317  1318  1319  1320  1321  1322  1323  1324  1325  1326  1327  1328  1329  1330  1331  1332  1333  1334  1335  1336  1337  1338  1339  1340  1341  1342  1343  1344  1345  1346  1347  1348  1349  1350  1351  1352  1353  1354  1355  1356  1357  1358  1359  1360  1361  1362  1363  1364  1365  1366  1367  1368  1369  1370  1371  1372  1373  1374  1375  1376  1377  1378  1379  1380  1381  1382  1383  1384  1385  1386  1387  1388  1389  1390  1391  1392  1393  1394  1395  1396  1397  1398  1399  1400  1401  1402  1403  1404  1405  1406  1407  1408  1409  1410  1411  1412  1413  1414  1415  1416  1417  1418  1419  1420  1421  1422  1423  1424  1425  1426  1427  1428  1429  1430  1431  1432  1433  1434  1435  1436  1437  1438  1439  1440  1441  1442  1443  1444  1445  1446  1447  1448  1449  1450  1451  1452  1453  1454  1455  1456  1457  1458  1459  1460  1461  1462  1463  1464  1465  1466  1467  1468  1469  1470  1471  1472  1473  1474  1475  1476  1477  1478  1479  1480  1481  1482  1483  1484  1485  1486  1487  1488  1489  1490  1491  1492  1493  1494  1495  1496  1497  1498  1499  1500  1501  1502  1503  1504  1505  1506  1507  1508  1509  1510  1511  1512  1513  1514  1515  1516  1517  1518  1519  1520  1521  1522  1523  1524  1525  1526  1527  1528  1529  1530  1531  1532  1533  1534  1535  1536  1537  1538  1539  1540  1541  1542  1543  1544  1545  1546  1547  1548  1549  1550  1551  1552  1553  1554  1555  1556  1557  1558  1559  1560  1561  1562  1563  1564  1565  1566  1567  1568  1569  1570  1571  1572  1573  1574  1575  1576  1577  1578  1579  1580  1581  1582  1583  1584  1585  1586  1587  1588  1589  1590  1591  1592  1593  1594  1595  1596  1597  1598  1599  1600  1601  1602  1603  1604  1605  1606  1607  1608  1609  1610  1611  1612  1613  1614  1615  1616  1617  1618  1619    Performing Single Stage optimization with 500.0 iterations
  Performing Stage 2 optimization with 1510.0 iterations

  Running simple intermediate coil loop with 10 iterations:
1  Iteration #: 2  3  4  5  6  7  8  9  10  11  12  13  
  Running more complete intermediate coil loop with 1500.0 iterations:
1  Iteration #: 2  3  4  5  6  7  8  9  10  11  12  13  14  15  16  17  18  19  20  21  22  23  24  25  26  27  Aspect ratio at max_mode 3: 7.002359608997593
Mean iota at 3: 0.46809813490678154
Squared flux at max_mode 3: 4.101592054829041e-07
"None of [Index(['J', 'Jf', 'J_length', 'J_CC', 'J_CURVATURE', 'J_MSC', 'J_ALS',\n       'J_LENGTH_PENALTY', 'Jquasisymmetry', 'Jiota', 'Jaspect'],\n      dtype='object')] are in the [columns]"
Aspect ratio after optimization: 7.002359608997593
Mean iota after optimization: 0.46809813490678154
Squared flux after optimization: 4.101592054829041e-07
 - - - - - - - - - - - - - - - - - - - - - - - - - - - - - - - - -
  SEQ =    1 TIME SLICE  0.0000E+00
  PROCESSING INPUT.final
  THIS IS PARVMEC (PARALLEL VMEC), VERSION 9.0
  Lambda: Full Radial Mesh. L-Force: hybrid full/half.

  COMPUTER:    OS:    RELEASE:   DATE = Jan 30,2023  TIME = 02:25:38

  NS =   16 NO. FOURIER MODES =   50 FTOLV =  1.000E-14 NITER =   2000
  PROCESSOR COUNT - RADIAL:    8
 INITIAL JACOBIAN CHANGED SIGN!
 TRYING TO IMPROVE INITIAL MAGNETIC AXIS GUESS
 INITIAL JACOBIAN CHANGED SIGN!
 TRYING TO IMPROVE INITIAL MAGNETIC AXIS GUESS
 INITIAL JACOBIAN CHANGED SIGN!
 TRYING TO IMPROVE INITIAL MAGNETIC AXIS GUESS
 INITIAL JACOBIAN CHANGED SIGN!
 TRYING TO IMPROVE INITIAL MAGNETIC AXIS GUESS
 INITIAL JACOBIAN CHANGED SIGN!
 TRYING TO IMPROVE INITIAL MAGNETIC AXIS GUESS
 INITIAL JACOBIAN CHANGED SIGN!
 TRYING TO IMPROVE INITIAL MAGNETIC AXIS GUESS
 INITIAL JACOBIAN CHANGED SIGN!
 TRYING TO IMPROVE INITIAL MAGNETIC AXIS GUESS
 INITIAL JACOBIAN CHANGED SIGN!
 TRYING TO IMPROVE INITIAL MAGNETIC AXIS GUESS
 INITIAL JACOBIAN CHANGED SIGN!
 TRYING TO IMPROVE INITIAL MAGNETIC AXIS GUESS
 INITIAL JACOBIAN CHANGED SIGN!
 TRYING TO IMPROVE INITIAL MAGNETIC AXIS GUESS
 INITIAL JACOBIAN CHANGED SIGN!
 TRYING TO IMPROVE INITIAL MAGNETIC AXIS GUESS
 INITIAL JACOBIAN CHANGED SIGN!
 TRYING TO IMPROVE INITIAL MAGNETIC AXIS GUESS
 INITIAL JACOBIAN CHANGED SIGN!
 TRYING TO IMPROVE INITIAL MAGNETIC AXIS GUESS
 INITIAL JACOBIAN CHANGED SIGN!
 TRYING TO IMPROVE INITIAL MAGNETIC AXIS GUESS
 INITIAL JACOBIAN CHANGED SIGN!
 TRYING TO IMPROVE INITIAL MAGNETIC AXIS GUESS
 INITIAL JACOBIAN CHANGED SIGN!
 TRYING TO IMPROVE INITIAL MAGNETIC AXIS GUESS
 INITIAL JACOBIAN CHANGED SIGN!
 TRYING TO IMPROVE INITIAL MAGNETIC AXIS GUESS
 INITIAL JACOBIAN CHANGED SIGN!
 TRYING TO IMPROVE INITIAL MAGNETIC AXIS GUESS
  ---- Improved AXIS Guess ----
      RAXIS_CC =   0.99817461882345049       0.16553920572877795      -0.22587976640686325       -1.2482979204597611E-002  -2.9630775806661486E-003  -5.8225288834306893E-003
      ZAXIS_CS =   -0.0000000000000000      -0.28425363649453411       0.18798954540763418        3.5670025318680870E-003  -4.5357923220363406E-003   6.3710136074604799E-004
  -----------------------------

  ITER    FSQR      FSQZ      FSQL    RAX(v=0)    DELT       WMHD

    1  3.57E-02  2.33E-02  3.60E-02  9.166E-01  9.00E-01  1.2799E-01
  200  2.35E-08  9.47E-09  4.91E-09  9.395E-01  9.00E-01  1.2546E-01
  400  2.02E-09  5.59E-10  4.55E-10  9.264E-01  9.00E-01  1.2545E-01
  600  1.79E-10  6.24E-11  4.25E-11  9.246E-01  9.00E-01  1.2545E-01
  800  1.58E-11  4.79E-12  3.84E-12  9.240E-01  9.00E-01  1.2545E-01
 1000  2.56E-12  7.87E-13  6.25E-13  9.239E-01  9.00E-01  1.2545E-01
 1200  8.50E-13  1.80E-13  1.97E-13  9.238E-01  9.00E-01  1.2545E-01
 1400  4.61E-13  4.73E-14  8.21E-14  9.238E-01  9.00E-01  1.2545E-01
 1600  2.85E-13  1.54E-14  3.89E-14  9.238E-01  9.00E-01  1.2545E-01
 1800  1.71E-13  7.38E-15  1.98E-14  9.238E-01  9.00E-01  1.2545E-01
 2000  1.04E-13  4.31E-15  1.14E-14  9.238E-01  9.00E-01  1.2545E-01

  NS =   51 NO. FOURIER MODES =   50 FTOLV =  1.000E-14 NITER =   3000
  PROCESSOR COUNT - RADIAL:   25

  ITER    FSQR      FSQZ      FSQL    RAX(v=0)    DELT       WMHD

    1  9.89E-03  7.96E-03  5.91E-06  9.238E-01  9.00E-01  1.2545E-01
  200  2.55E-09  4.51E-10  5.43E-11  9.234E-01  9.00E-01  1.2545E-01
  400  1.15E-10  1.86E-11  7.79E-12  9.230E-01  9.00E-01  1.2545E-01
  600  3.85E-11  3.64E-12  3.07E-12  9.228E-01  9.00E-01  1.2545E-01
  800  2.37E-11  1.50E-12  1.12E-12  9.228E-01  9.00E-01  1.2545E-01
 1000  1.47E-11  6.60E-13  4.63E-13  9.227E-01  9.00E-01  1.2545E-01
 1200  8.66E-12  3.26E-13  2.70E-13  9.227E-01  9.00E-01  1.2545E-01
 1400  5.98E-12  2.11E-13  2.03E-13  9.227E-01  9.00E-01  1.2545E-01
 1600  4.39E-12  1.53E-13  1.59E-13  9.227E-01  9.00E-01  1.2545E-01
 1800  3.24E-12  1.13E-13  1.26E-13  9.227E-01  9.00E-01  1.2545E-01
 2000  2.41E-12  8.45E-14  9.98E-14  9.227E-01  9.00E-01  1.2545E-01
 2200  1.81E-12  6.34E-14  7.94E-14  9.227E-01  9.00E-01  1.2545E-01
 2400  1.36E-12  4.78E-14  6.34E-14  9.227E-01  9.00E-01  1.2545E-01
 2600  1.03E-12  3.63E-14  5.06E-14  9.227E-01  9.00E-01  1.2545E-01
 2800  7.77E-13  2.76E-14  4.05E-14  9.227E-01  9.00E-01  1.2545E-01
 3000  5.91E-13  2.11E-14  3.24E-14  9.227E-01  9.00E-01  1.2545E-01

  NS =  101 NO. FOURIER MODES =   50 FTOLV =  1.000E-14 NITER =  20000
  PROCESSOR COUNT - RADIAL:   25

  ITER    FSQR      FSQZ      FSQL    RAX(v=0)    DELT       WMHD

    1  1.74E-02  1.04E-02  2.06E-07  9.227E-01  9.00E-01  1.2545E-01
  200  4.89E-04  2.45E-03  1.37E-06  9.226E-01  7.41E-01  1.2545E-01
  400  4.41E-09  9.51E-10  3.94E-10  9.230E-01  7.20E-01  1.2545E-01
  600  1.72E-10  6.30E-11  6.62E-11  9.232E-01  7.20E-01  1.2545E-01
  800  4.61E-11  1.98E-11  1.81E-11  9.232E-01  7.20E-01  1.2545E-01
 1000  1.94E-11  6.63E-12  6.29E-12  9.230E-01  7.20E-01  1.2545E-01
 1200  1.06E-11  2.64E-12  2.87E-12  9.229E-01  7.20E-01  1.2545E-01
 1400  6.68E-12  1.19E-12  1.41E-12  9.229E-01  7.20E-01  1.2545E-01
 1600  4.46E-12  5.71E-13  7.07E-13  9.229E-01  7.20E-01  1.2545E-01
 1800  3.03E-12  2.86E-13  3.72E-13  9.229E-01  7.20E-01  1.2545E-01
 2000  2.06E-12  1.53E-13  2.19E-13  9.229E-01  7.20E-01  1.2545E-01
 2200  1.46E-12  9.33E-14  1.50E-13  9.229E-01  7.20E-01  1.2545E-01
 2400  1.07E-12  6.25E-14  1.10E-13  9.229E-01  7.20E-01  1.2545E-01
 2600  8.03E-13  4.43E-14  8.45E-14  9.229E-01  7.20E-01  1.2545E-01
 2800  6.17E-13  3.27E-14  6.65E-14  9.229E-01  7.20E-01  1.2545E-01
 3000  4.78E-13  2.48E-14  5.29E-14  9.229E-01  7.20E-01  1.2545E-01
 3200  3.74E-13  1.91E-14  4.24E-14  9.229E-01  7.20E-01  1.2545E-01
 3400  2.94E-13  1.50E-14  3.42E-14  9.229E-01  7.20E-01  1.2545E-01
 3600  2.33E-13  1.18E-14  2.78E-14  9.229E-01  7.20E-01  1.2545E-01
 3800  1.85E-13  9.38E-15  2.26E-14  9.229E-01  7.20E-01  1.2545E-01
 4000  1.47E-13  7.49E-15  1.85E-14  9.229E-01  7.20E-01  1.2545E-01
 4200  1.17E-13  6.01E-15  1.51E-14  9.229E-01  7.20E-01  1.2545E-01
 4400  9.40E-14  4.85E-15  1.24E-14  9.229E-01  7.20E-01  1.2545E-01
 4600  7.53E-14  3.91E-15  1.02E-14  9.229E-01  7.20E-01  1.2545E-01
 4800  6.05E-14  3.17E-15  8.42E-15  9.229E-01  7.20E-01  1.2545E-01
 5000  4.87E-14  2.57E-15  6.95E-15  9.229E-01  7.20E-01  1.2545E-01
 5200  3.93E-14  2.09E-15  5.75E-15  9.229E-01  7.20E-01  1.2545E-01
 5400  3.17E-14  1.71E-15  4.76E-15  9.229E-01  7.20E-01  1.2545E-01
 5600  2.56E-14  1.39E-15  3.95E-15  9.229E-01  7.20E-01  1.2545E-01
 5800  2.07E-14  1.14E-15  3.28E-15  9.229E-01  7.20E-01  1.2545E-01
 6000  1.68E-14  9.34E-16  2.73E-15  9.229E-01  7.20E-01  1.2545E-01
 6200  1.36E-14  7.66E-16  2.27E-15  9.229E-01  7.20E-01  1.2545E-01
 6400  1.11E-14  6.30E-16  1.89E-15  9.229E-01  7.20E-01  1.2545E-01
 6503  9.95E-15  5.75E-16  1.72E-15  9.229E-01  7.20E-01  1.2545E-01

 EXECUTION TERMINATED NORMALLY

 FILE : final_000_000000
 NUMBER OF JACOBIAN RESETS =    1

    TOTAL COMPUTATIONAL TIME (SEC)        10.82
    TIME TO INPUT/OUTPUT                   0.03
       READ IN DATA                        0.00
       WRITE OUT DATA TO WOUT              0.03
    TIME IN FUNCT3D                       10.69
       BCOVAR FIELDS                       1.92
       FOURIER TRANSFORM                   0.86
       INVERSE FOURIER TRANSFORM           0.53
       FORCES AND SYMMETRIZE               0.69
       RESIDUE                             5.85
       EQFORCE                             0.00
Found final vmec file
Plot VMEC result
nfp:  1
ns:  101
mpol:  5
ntor:  5
Aminor_p:  0.13808368155429365
Rmajor_p:  0.9669115943774698
aspect:             7.002359608997578
Rmajor_p/Aminor_p:  7.002359608997578
betatotal:  0.0
betapol:    0.0
betator:    0.0
betaxis:    0.0
ctor:    6.620409515739611e-11
bmnc.shape: (101, 128)
bmns.shape: (101, 128)
No module named 'mayavi'
Creating Boozer class for vmec_final
Defining surfaces where to compute Boozer coordinates
 booz_surfaces=[0.         0.07142857 0.14285714 0.21428571 0.28571429 0.35714286
 0.42857143 0.5        0.57142857 0.64285714 0.71428571 0.78571429
 0.85714286 0.92857143]
Running BOOZ_XFORM
mnmax: 50  len(xm): 50  len(xn): 50
mnmax_nyq: 128  len(xm_nyq): 128  len(xn_nyq): 128
Read ns=101, mpol=5, ntor=5, mnmax=50, mnmax_nyq=128
compute_surfs (0-based indices):  0 7 14 21 28 35 42 49 57 64 71 78 85 92
Initializing with mboz=64, nboz=64
ntheta = 258, nzeta = 258, # threads = 24
                   |        outboard (theta=0)      |      inboard (theta=pi)      |
thread js_b js zeta| |B|input  |B|Boozer    Error   | |B|input  |B|Boozer    Error |
------------------------------------------------------------------------------------
   3     3  21   0  1.057e+00  1.057e+00  2.730e-15  1.078e+00  1.078e+00  2.905e-14
                pi  7.480e-01  7.480e-01  1.098e-14  7.124e-01  7.124e-01  1.590e-14
  13    13  92   0  1.039e+00  1.039e+00  3.510e-13  1.082e+00  1.082e+00  6.360e-14
                pi  7.430e-01  7.430e-01  6.426e-15  6.364e-01  6.364e-01  1.321e-13
  12    12  85   0  1.041e+00  1.041e+00  4.884e-14  1.083e+00  1.083e+00  1.292e-14
                pi  7.436e-01  7.436e-01  1.239e-14  6.458e-01  6.458e-01  5.450e-14
   4     4  28   0  1.056e+00  1.056e+00  6.731e-15  1.079e+00  1.079e+00  2.634e-14
                pi  7.482e-01  7.482e-01  2.077e-15  7.060e-01  7.060e-01  7.233e-15
   2     2  14   0  1.060e+00  1.060e+00  7.125e-15  1.076e+00  1.076e+00  2.311e-14
                pi  7.474e-01  7.474e-01  1.040e-15  7.189e-01  7.189e-01  2.316e-15
  11    11  78   0  1.043e+00  1.043e+00  7.451e-15  1.083e+00  1.083e+00  9.227e-15
                pi  7.443e-01  7.443e-01  1.223e-14  6.546e-01  6.546e-01  3.053e-14
   7     7  49   0  1.050e+00  1.050e+00  1.733e-14  1.082e+00  1.082e+00  3.284e-14
                pi  7.472e-01  7.472e-01  2.050e-14  6.864e-01  6.864e-01  2.394e-14
   0     0   0   0  1.068e+00  1.068e+00  2.079e-15  1.070e+00  1.070e+00  2.033e-14
                pi  7.414e-01  7.414e-01  5.241e-15  7.364e-01  7.364e-01  1.764e-14
   9     9  64   0  1.047e+00  1.047e+00  4.455e-15  1.083e+00  1.083e+00  1.210e-14
                pi  7.457e-01  7.457e-01  1.191e-15  6.709e-01  6.709e-01  1.158e-14
   5     5  35   0  1.054e+00  1.054e+00  1.454e-14  1.080e+00  1.080e+00  2.569e-14
                pi  7.481e-01  7.481e-01  1.692e-14  6.997e-01  6.997e-01  1.999e-14
   6     6  42   0  1.052e+00  1.052e+00  9.075e-15  1.081e+00  1.081e+00  2.320e-14
                pi  7.477e-01  7.477e-01  1.188e-15  6.932e-01  6.932e-01  2.018e-14
  10    10  71   0  1.045e+00  1.045e+00  1.424e-14  1.083e+00  1.083e+00  1.989e-14
                pi  7.450e-01  7.450e-01  4.918e-15  6.630e-01  6.630e-01  1.926e-14
   1     1   7   0  1.063e+00  1.063e+00  3.134e-15  1.074e+00  1.074e+00  1.923e-14
                pi  7.461e-01  7.461e-01  1.190e-15  7.261e-01  7.261e-01  1.774e-14
   8     8  57   0  1.049e+00  1.049e+00  8.894e-15  1.083e+00  1.083e+00  2.133e-14
                pi  7.465e-01  7.465e-01  6.693e-15  6.783e-01  6.783e-01  2.046e-14
Writing output to /marconi_scratch/userexternal/rjorge00/single_stage_optimization/results/QI_Stage123_Lengthbound5.0_ncoils10_nfp1/vmec/boozmn_QI_Stage123_Lengthbound5.0_ncoils10_nfp1.nc
Plot BOOZ_XFORM
============================================
End of single stage optimization
Took 1569.8836078643799 seconds
============================================
